item,code,binlabel,codelabel,time,spoint,dura,flag,enable,bini_1,bini_2,bini_3,bini_4,bini_5,bini_6,bini_7,bini_8,bini_9,bini_10,bini_11,bini_12,bini_13,bepoch,channel,bvtime,bvmknum,visible
4,31,"B2,3,5,8,11,15,20,21,26,30,37,54,143(AFLP_fr_onset)",AFLP_fr_onset,4.376,2189,2,0,1,2,3,5,8,11,15,20,21,26,30,37,54,143,1,0,,4,
10,31,"B2,3,5,8,11,15,20,21,26,30,37,54,143(AFLP_fr_onset)",AFLP_fr_onset,11.36,5681,2,0,1,2,3,5,8,11,15,20,21,26,30,37,54,143,3,0,,10,
16,21,"B2,3,6,8,11,16,20,22,26,32,38,56,144(AFHR_fr_onset)",AFHR_fr_onset,17.266,8634,2,0,1,2,3,6,8,11,16,20,22,26,32,38,56,144,5,0,,16,
22,91,"B2,4,5,8,12,15,20,23,28,30,39,50,144(SFHP_fr_onset)",SFHP_fr_onset,23.798,11900,2,0,1,2,4,5,8,12,15,20,23,28,30,39,50,144,7,0,,22,
28,51,"B2,3,5,7,11,15,19,21,25,29,37,53,144(AMHP_fr_onset)",AMHP_fr_onset,29.884,14943,2,0,1,2,3,5,7,11,15,19,21,25,29,37,53,144,9,0,,28,
34,131,"B2,4,5,7,12,15,19,23,27,29,39,49,144(SMHP_fr_onset)",SMHP_fr_onset,36.118,18060,2,0,1,2,4,5,7,12,15,19,23,27,29,39,49,144,11,0,,34,
40,141,"B2,4,6,7,12,16,19,24,27,31,40,51,144(SMHR_fr_onset)",SMHR_fr_onset,43.222,21612,2,0,1,2,4,6,7,12,16,19,24,27,31,40,51,144,13,0,,40,
46,41,"B2,3,6,8,11,16,20,22,26,32,38,56,143(AFLR_fr_onset)",AFLR_fr_onset,50.354,25178,2,0,1,2,3,6,8,11,16,20,22,26,32,38,56,143,15,0,,46,
52,91,"B2,4,5,8,12,15,20,23,28,30,39,50,144(SFHP_fr_onset)",SFHP_fr_onset,56.678,28340,2,0,1,2,4,5,8,12,15,20,23,28,30,39,50,144,17,0,,52,
58,111,"B2,4,5,8,12,15,20,23,28,30,39,50,143(SFLP_fr_onset)",SFLP_fr_onset,63.646,31824,2,0,1,2,4,5,8,12,15,20,23,28,30,39,50,143,19,0,,58,
64,81,"B2,3,6,7,11,16,19,22,25,31,38,55,143(AMLR_fr_onset)",AMLR_fr_onset,70.462,35232,2,0,1,2,3,6,7,11,16,19,22,25,31,38,55,143,21,0,,64,
70,161,"B2,4,6,7,12,16,19,24,27,31,40,51,143(SMLR_fr_onset)",SMLR_fr_onset,76.166,38084,2,0,1,2,4,6,7,12,16,19,24,27,31,40,51,143,23,0,,70,
76,91,"B2,4,5,8,12,15,20,23,28,30,39,50,144(SFHP_fr_onset)",SFHP_fr_onset,83.994,41998,2,0,1,2,4,5,8,12,15,20,23,28,30,39,50,144,25,0,,76,
82,51,"B2,3,5,7,11,15,19,21,25,29,37,53,144(AMHP_fr_onset)",AMHP_fr_onset,90.284,45143,2,0,1,2,3,5,7,11,15,19,21,25,29,37,53,144,27,0,,82,
88,51,"B2,3,5,7,11,15,19,21,25,29,37,53,144(AMHP_fr_onset)",AMHP_fr_onset,96.228,48115,2,0,1,2,3,5,7,11,15,19,21,25,29,37,53,144,29,0,,88,
94,141,"B2,4,6,7,12,16,19,24,27,31,40,51,144(SMHR_fr_onset)",SMHR_fr_onset,102.182,51092,2,0,1,2,4,6,7,12,16,19,24,27,31,40,51,144,31,0,,94,
100,121,"B2,4,6,8,12,16,20,24,28,32,40,52,143(SFLR_fr_onset)",SFLR_fr_onset,108.29,54146,2,0,1,2,4,6,8,12,16,20,24,28,32,40,52,143,33,0,,100,
106,11,"B2,3,5,8,11,15,20,21,26,30,37,54,144(AFHP_fr_onset)",AFHP_fr_onset,114.978,57490,2,0,1,2,3,5,8,11,15,20,21,26,30,37,54,144,35,0,,106,
112,81,"B2,3,6,7,11,16,19,22,25,31,38,55,143(AMLR_fr_onset)",AMLR_fr_onset,121.99,60996,2,0,1,2,3,6,7,11,16,19,22,25,31,38,55,143,37,0,,112,
118,141,"B2,4,6,7,12,16,19,24,27,31,40,51,144(SMHR_fr_onset)",SMHR_fr_onset,128.638,64320,2,0,1,2,4,6,7,12,16,19,24,27,31,40,51,144,39,0,,118,
124,131,"B2,4,5,7,12,15,19,23,27,29,39,49,144(SMHP_fr_onset)",SMHP_fr_onset,135.198,67600,2,0,1,2,4,5,7,12,15,19,23,27,29,39,49,144,41,0,,124,
130,21,"B2,3,6,8,11,16,20,22,26,32,38,56,144(AFHR_fr_onset)",AFHR_fr_onset,141.634,70818,2,0,1,2,3,6,8,11,16,20,22,26,32,38,56,144,43,0,,130,
136,11,"B2,3,5,8,11,15,20,21,26,30,37,54,144(AFHP_fr_onset)",AFHP_fr_onset,147.984,73993,2,0,1,2,3,5,8,11,15,20,21,26,30,37,54,144,45,0,,136,
142,151,"B2,4,5,7,12,15,19,23,27,29,39,49,143(SMLP_fr_onset)",SMLP_fr_onset,154.686,77344,2,0,1,2,4,5,7,12,15,19,23,27,29,39,49,143,47,0,,142,
148,91,"B2,4,5,8,12,15,20,23,28,30,39,50,144(SFHP_fr_onset)",SFHP_fr_onset,160.948,80475,2,0,1,2,4,5,8,12,15,20,23,28,30,39,50,144,49,0,,148,
154,161,"B2,4,6,7,12,16,19,24,27,31,40,51,143(SMLR_fr_onset)",SMLR_fr_onset,166.982,83492,2,0,1,2,4,6,7,12,16,19,24,27,31,40,51,143,51,0,,154,
160,151,"B2,4,5,7,12,15,19,23,27,29,39,49,143(SMLP_fr_onset)",SMLP_fr_onset,174.02,87011,2,0,1,2,4,5,7,12,15,19,23,27,29,39,49,143,53,0,,160,
166,11,"B2,3,5,8,11,15,20,21,26,30,37,54,144(AFHP_fr_onset)",AFHP_fr_onset,180.608,90305,2,0,1,2,3,5,8,11,15,20,21,26,30,37,54,144,55,0,,166,
172,131,"B2,4,5,7,12,15,19,23,27,29,39,49,144(SMHP_fr_onset)",SMHP_fr_onset,187.398,93700,2,0,1,2,4,5,7,12,15,19,23,27,29,39,49,144,57,0,,172,
178,11,"B2,3,5,8,11,15,20,21,26,30,37,54,144(AFHP_fr_onset)",AFHP_fr_onset,193.55,96776,2,0,1,2,3,5,8,11,15,20,21,26,30,37,54,144,59,0,,178,
185,71,"B2,3,5,7,11,15,19,21,25,29,37,53,143(AMLP_fr_onset)",AMLP_fr_onset,198.926,99464,2,0,1,2,3,5,7,11,15,19,21,25,29,37,53,143,61,0,,184,
191,121,"B2,4,6,8,12,16,20,24,28,32,40,52,143(SFLR_fr_onset)",SFLR_fr_onset,205.502,102752,2,0,1,2,4,6,8,12,16,20,24,28,32,40,52,143,63,0,,190,
198,81,"B2,3,6,7,11,16,19,22,25,31,38,55,143(AMLR_fr_onset)",AMLR_fr_onset,214.472,107237,2,0,1,2,3,6,7,11,16,19,22,25,31,38,55,143,65,0,,202,
204,101,"B2,4,6,8,12,16,20,24,28,32,40,52,144(SFHR_fr_onset)",SFHR_fr_onset,220.774,110388,2,0,1,2,4,6,8,12,16,20,24,28,32,40,52,144,67,0,,208,
210,131,"B2,4,5,7,12,15,19,23,27,29,39,49,144(SMHP_fr_onset)",SMHP_fr_onset,227.182,113592,2,0,1,2,4,5,7,12,15,19,23,27,29,39,49,144,69,0,,214,
216,101,"B2,4,6,8,12,16,20,24,28,32,40,52,144(SFHR_fr_onset)",SFHR_fr_onset,233.406,116704,2,0,1,2,4,6,8,12,16,20,24,28,32,40,52,144,71,0,,220,
222,71,"B2,3,5,7,11,15,19,21,25,29,37,53,143(AMLP_fr_onset)",AMLP_fr_onset,240.658,120330,2,0,1,2,3,5,7,11,15,19,21,25,29,37,53,143,73,0,,226,
228,111,"B2,4,5,8,12,15,20,23,28,30,39,50,143(SFLP_fr_onset)",SFLP_fr_onset,246.944,123473,2,0,1,2,4,5,8,12,15,20,23,28,30,39,50,143,75,0,,232,
235,51,"B2,3,5,7,11,15,19,21,25,29,37,53,144(AMHP_fr_onset)",AMHP_fr_onset,251.754,125878,2,0,1,2,3,5,7,11,15,19,21,25,29,37,53,144,77,0,,238,
241,141,"B2,4,6,7,12,16,19,24,27,31,40,51,144(SMHR_fr_onset)",SMHR_fr_onset,258.478,129240,2,0,1,2,4,6,7,12,16,19,24,27,31,40,51,144,79,0,,244,
247,161,"B2,4,6,7,12,16,19,24,27,31,40,51,143(SMLR_fr_onset)",SMLR_fr_onset,265.898,132950,2,0,1,2,4,6,7,12,16,19,24,27,31,40,51,143,81,0,,250,
253,111,"B2,4,5,8,12,15,20,23,28,30,39,50,143(SFLP_fr_onset)",SFLP_fr_onset,272.682,136342,2,0,1,2,4,5,8,12,15,20,23,28,30,39,50,143,83,0,,256,
260,101,"B2,4,6,8,12,16,20,24,28,32,40,52,144(SFHR_fr_onset)",SFHR_fr_onset,277.556,138779,2,0,1,2,4,6,8,12,16,20,24,28,32,40,52,144,85,0,,262,
266,81,"B2,3,6,7,11,16,19,22,25,31,38,55,143(AMLR_fr_onset)",AMLR_fr_onset,284.414,142208,2,0,1,2,3,6,7,11,16,19,22,25,31,38,55,143,87,0,,268,
273,31,"B2,3,5,8,11,15,20,21,26,30,37,54,143(AFLP_fr_onset)",AFLP_fr_onset,289.532,144767,2,0,1,2,3,5,8,11,15,20,21,26,30,37,54,143,89,0,,274,
279,51,"B2,3,5,7,11,15,19,21,25,29,37,53,144(AMHP_fr_onset)",AMHP_fr_onset,296.402,148202,2,0,1,2,3,5,7,11,15,19,21,25,29,37,53,144,91,0,,280,
286,41,"B2,3,6,8,11,16,20,22,26,32,38,56,143(AFLR_fr_onset)",AFLR_fr_onset,303.182,151592,2,0,1,2,3,6,8,11,16,20,22,26,32,38,56,143,93,0,,286,
292,41,"B2,3,6,8,11,16,20,22,26,32,38,56,143(AFLR_fr_onset)",AFLR_fr_onset,308.9,154451,2,0,1,2,3,6,8,11,16,20,22,26,32,38,56,143,95,0,,292,
298,151,"B2,4,5,7,12,15,19,23,27,29,39,49,143(SMLP_fr_onset)",SMLP_fr_onset,316.01,158006,2,0,1,2,4,5,7,12,15,19,23,27,29,39,49,143,97,0,,298,
303,91,"B2,4,5,8,12,15,20,23,28,30,39,50,144(SFHP_fr_onset)",SFHP_fr_onset,318.806,159404,2,0,1,2,4,5,8,12,15,20,23,28,30,39,50,144,99,0,,304,
308,11,"B2,3,5,8,11,15,20,21,26,30,37,54,144(AFHP_fr_onset)",AFHP_fr_onset,321.276,160639,2,0,1,2,3,5,8,11,15,20,21,26,30,37,54,144,101,0,,310,
315,41,"B2,3,6,8,11,16,20,22,26,32,38,56,143(AFLR_fr_onset)",AFLR_fr_onset,327.042,163522,2,0,1,2,3,6,8,11,16,20,22,26,32,38,56,143,103,0,,316,
322,131,"B2,4,5,7,12,15,19,23,27,29,39,49,144(SMHP_fr_onset)",SMHP_fr_onset,332.816,166409,2,0,1,2,4,5,7,12,15,19,23,27,29,39,49,144,105,0,,322,
328,121,"B2,4,6,8,12,16,20,24,28,32,40,52,143(SFLR_fr_onset)",SFLR_fr_onset,339.176,169589,2,0,1,2,4,6,8,12,16,20,24,28,32,40,52,143,107,0,,328,
334,151,"B2,4,5,7,12,15,19,23,27,29,39,49,143(SMLP_fr_onset)",SMLP_fr_onset,346.314,173158,2,0,1,2,4,5,7,12,15,19,23,27,29,39,49,143,109,0,,334,
340,81,"B2,3,6,7,11,16,19,22,25,31,38,55,143(AMLR_fr_onset)",AMLR_fr_onset,353.566,176784,2,0,1,2,3,6,7,11,16,19,22,25,31,38,55,143,111,0,,340,
346,61,"B2,3,6,7,11,16,19,22,25,31,38,55,144(AMHR_fr_onset)",AMHR_fr_onset,360.068,180035,2,0,1,2,3,6,7,11,16,19,22,25,31,38,55,144,113,0,,346,
352,131,"B2,4,5,7,12,15,19,23,27,29,39,49,144(SMHP_fr_onset)",SMHP_fr_onset,366.222,183112,2,0,1,2,4,5,7,12,15,19,23,27,29,39,49,144,115,0,,352,
358,91,"B2,4,5,8,12,15,20,23,28,30,39,50,144(SFHP_fr_onset)",SFHP_fr_onset,373.452,186727,2,0,1,2,4,5,8,12,15,20,23,28,30,39,50,144,117,0,,358,
364,161,"B2,4,6,7,12,16,19,24,27,31,40,51,143(SMLR_fr_onset)",SMLR_fr_onset,379.324,189663,2,0,1,2,4,6,7,12,16,19,24,27,31,40,51,143,119,0,,364,
370,41,"B2,3,6,8,11,16,20,22,26,32,38,56,143(AFLR_fr_onset)",AFLR_fr_onset,385.09,192546,2,0,1,2,3,6,8,11,16,20,22,26,32,38,56,143,121,0,,370,
376,51,"B2,3,5,7,11,15,19,21,25,29,37,53,144(AMHP_fr_onset)",AMHP_fr_onset,390.566,195284,2,0,1,2,3,5,7,11,15,19,21,25,29,37,53,144,123,0,,376,
383,91,"B2,4,5,8,12,15,20,23,28,30,39,50,144(SFHP_fr_onset)",SFHP_fr_onset,396.344,198173,2,0,1,2,4,5,8,12,15,20,23,28,30,39,50,144,125,0,,382,
389,81,"B2,3,6,7,11,16,19,22,25,31,38,55,143(AMLR_fr_onset)",AMLR_fr_onset,402.542,201272,2,0,1,2,3,6,7,11,16,19,22,25,31,38,55,143,127,0,,388,
395,11,"B2,3,5,8,11,15,20,21,26,30,37,54,144(AFHP_fr_onset)",AFHP_fr_onset,408.842,204422,2,0,1,2,3,5,8,11,15,20,21,26,30,37,54,144,129,0,,394,
402,151,"B2,4,5,7,12,15,19,23,27,29,39,49,143(SMLP_fr_onset)",SMLP_fr_onset,415.984,207993,2,0,1,2,4,5,7,12,15,19,23,27,29,39,49,143,131,0,,400,
408,61,"B2,3,6,7,11,16,19,22,25,31,38,55,144(AMHR_fr_onset)",AMHR_fr_onset,422.454,211228,2,0,1,2,3,6,7,11,16,19,22,25,31,38,55,144,133,0,,406,
414,81,"B2,3,6,7,11,16,19,22,25,31,38,55,143(AMLR_fr_onset)",AMLR_fr_onset,428.602,214302,2,0,1,2,3,6,7,11,16,19,22,25,31,38,55,143,135,0,,412,
420,161,"B2,4,6,7,12,16,19,24,27,31,40,51,143(SMLR_fr_onset)",SMLR_fr_onset,434.232,217117,2,0,1,2,4,6,7,12,16,19,24,27,31,40,51,143,137,0,,418,
427,11,"B2,3,5,8,11,15,20,21,26,30,37,54,144(AFHP_fr_onset)",AFHP_fr_onset,439.592,219797,2,0,1,2,3,5,8,11,15,20,21,26,30,37,54,144,139,0,,424,
433,21,"B2,3,6,8,11,16,20,22,26,32,38,56,144(AFHR_fr_onset)",AFHR_fr_onset,446.182,223092,2,1,1,2,3,6,8,11,16,20,22,26,32,38,56,144,141,0,,430,
439,151,"B2,4,5,7,12,15,19,23,27,29,39,49,143(SMLP_fr_onset)",SMLP_fr_onset,453.044,226523,2,0,1,2,4,5,7,12,15,19,23,27,29,39,49,143,143,0,,436,
445,71,"B2,3,5,7,11,15,19,21,25,29,37,53,143(AMLP_fr_onset)",AMLP_fr_onset,459.468,229735,2,1,1,2,3,5,7,11,15,19,21,25,29,37,53,143,145,0,,442,
451,31,"B2,3,5,8,11,15,20,21,26,30,37,54,143(AFLP_fr_onset)",AFLP_fr_onset,465.858,232930,2,0,1,2,3,5,8,11,15,20,21,26,30,37,54,143,147,0,,448,
457,111,"B2,4,5,8,12,15,20,23,28,30,39,50,143(SFLP_fr_onset)",SFLP_fr_onset,472.634,236318,2,0,1,2,4,5,8,12,15,20,23,28,30,39,50,143,149,0,,454,
463,41,"B2,3,6,8,11,16,20,22,26,32,38,56,143(AFLR_fr_onset)",AFLR_fr_onset,478.508,239255,2,0,1,2,3,6,8,11,16,20,22,26,32,38,56,143,151,0,,460,
469,11,"B2,3,5,8,11,15,20,21,26,30,37,54,144(AFHP_fr_onset)",AFHP_fr_onset,485.192,242597,2,0,1,2,3,5,8,11,15,20,21,26,30,37,54,144,153,0,,466,
475,21,"B2,3,6,8,11,16,20,22,26,32,38,56,144(AFHR_fr_onset)",AFHR_fr_onset,492.708,246355,2,0,1,2,3,6,8,11,16,20,22,26,32,38,56,144,155,0,,472,
481,161,"B2,4,6,7,12,16,19,24,27,31,40,51,143(SMLR_fr_onset)",SMLR_fr_onset,499.61,249806,2,0,1,2,4,6,7,12,16,19,24,27,31,40,51,143,157,0,,478,
487,151,"B2,4,5,7,12,15,19,23,27,29,39,49,143(SMLP_fr_onset)",SMLP_fr_onset,505.926,252964,2,0,1,2,4,5,7,12,15,19,23,27,29,39,49,143,159,0,,484,
493,101,"B2,4,6,8,12,16,20,24,28,32,40,52,144(SFHR_fr_onset)",SFHR_fr_onset,512.844,256423,2,0,1,2,4,6,8,12,16,20,24,28,32,40,52,144,161,0,,490,
499,101,"B2,4,6,8,12,16,20,24,28,32,40,52,144(SFHR_fr_onset)",SFHR_fr_onset,519.146,259574,2,0,1,2,4,6,8,12,16,20,24,28,32,40,52,144,163,0,,496,
506,131,"B2,4,5,7,12,15,19,23,27,29,39,49,144(SMHP_fr_onset)",SMHP_fr_onset,524.064,262033,2,0,1,2,4,5,7,12,15,19,23,27,29,39,49,144,165,0,,502,
512,31,"B2,3,5,8,11,15,20,21,26,30,37,54,143(AFLP_fr_onset)",AFLP_fr_onset,530.49,265246,2,0,1,2,3,5,8,11,15,20,21,26,30,37,54,143,167,0,,508,
518,61,"B2,3,6,7,11,16,19,22,25,31,38,55,144(AMHR_fr_onset)",AMHR_fr_onset,536.858,268430,2,0,1,2,3,6,7,11,16,19,22,25,31,38,55,144,169,0,,514,
524,121,"B2,4,6,8,12,16,20,24,28,32,40,52,143(SFLR_fr_onset)",SFLR_fr_onset,542.95,271476,2,0,1,2,4,6,8,12,16,20,24,28,32,40,52,143,171,0,,520,
530,31,"B2,3,5,8,11,15,20,21,26,30,37,54,143(AFLP_fr_onset)",AFLP_fr_onset,549.478,274740,2,0,1,2,3,5,8,11,15,20,21,26,30,37,54,143,173,0,,526,
537,121,"B2,4,6,8,12,16,20,24,28,32,40,52,143(SFLR_fr_onset)",SFLR_fr_onset,555.412,277707,2,0,1,2,4,6,8,12,16,20,24,28,32,40,52,143,175,0,,532,
544,61,"B2,3,6,7,11,16,19,22,25,31,38,55,144(AMHR_fr_onset)",AMHR_fr_onset,560.776,280389,2,0,1,2,3,6,7,11,16,19,22,25,31,38,55,144,177,0,,538,
550,61,"B2,3,6,7,11,16,19,22,25,31,38,55,144(AMHR_fr_onset)",AMHR_fr_onset,566.846,283424,2,0,1,2,3,6,7,11,16,19,22,25,31,38,55,144,179,0,,544,
556,21,"B2,3,6,8,11,16,20,22,26,32,38,56,144(AFHR_fr_onset)",AFHR_fr_onset,572.462,286232,2,0,1,2,3,6,8,11,16,20,22,26,32,38,56,144,181,0,,550,
562,131,"B2,4,5,7,12,15,19,23,27,29,39,49,144(SMHP_fr_onset)",SMHP_fr_onset,578.592,289297,2,1,1,2,4,5,7,12,15,19,23,27,29,39,49,144,183,0,,556,
568,41,"B2,3,6,8,11,16,20,22,26,32,38,56,143(AFLR_fr_onset)",AFLR_fr_onset,586.374,293188,2,0,1,2,3,6,8,11,16,20,22,26,32,38,56,143,185,0,,562,
574,31,"B2,3,5,8,11,15,20,21,26,30,37,54,143(AFLP_fr_onset)",AFLP_fr_onset,592.774,296388,2,0,1,2,3,5,8,11,15,20,21,26,30,37,54,143,187,0,,568,
580,101,"B2,4,6,8,12,16,20,24,28,32,40,52,144(SFHR_fr_onset)",SFHR_fr_onset,599.136,299569,2,0,1,2,4,6,8,12,16,20,24,28,32,40,52,144,189,0,,574,
586,71,"B2,3,5,7,11,15,19,21,25,29,37,53,143(AMLP_fr_onset)",AMLP_fr_onset,605.592,302797,2,0,1,2,3,5,7,11,15,19,21,25,29,37,53,143,191,0,,580,
592,51,"B2,3,5,7,11,15,19,21,25,29,37,53,144(AMHP_fr_onset)",AMHP_fr_onset,611.968,305985,2,0,1,2,3,5,7,11,15,19,21,25,29,37,53,144,193,0,,586,
598,121,"B2,4,6,8,12,16,20,24,28,32,40,52,143(SFLR_fr_onset)",SFLR_fr_onset,617.972,308987,2,0,1,2,4,6,8,12,16,20,24,28,32,40,52,143,195,0,,592,
604,101,"B2,4,6,8,12,16,20,24,28,32,40,52,144(SFHR_fr_onset)",SFHR_fr_onset,622.608,311305,2,0,1,2,4,6,8,12,16,20,24,28,32,40,52,144,197,0,,598,
611,111,"B2,4,5,8,12,15,20,23,28,30,39,50,143(SFLP_fr_onset)",SFLP_fr_onset,629.838,314920,2,0,1,2,4,5,8,12,15,20,23,28,30,39,50,143,199,0,,604,
617,61,"B2,3,6,7,11,16,19,22,25,31,38,55,144(AMHR_fr_onset)",AMHR_fr_onset,636.844,318423,2,0,1,2,3,6,7,11,16,19,22,25,31,38,55,144,201,0,,610,
623,21,"B2,3,6,8,11,16,20,22,26,32,38,56,144(AFHR_fr_onset)",AFHR_fr_onset,643.11,321556,2,0,1,2,3,6,8,11,16,20,22,26,32,38,56,144,203,0,,616,
629,111,"B2,4,5,8,12,15,20,23,28,30,39,50,143(SFLP_fr_onset)",SFLP_fr_onset,649.302,324652,2,0,1,2,4,5,8,12,15,20,23,28,30,39,50,143,205,0,,622,
636,161,"B2,4,6,7,12,16,19,24,27,31,40,51,143(SMLR_fr_onset)",SMLR_fr_onset,654.892,327447,2,0,1,2,4,6,7,12,16,19,24,27,31,40,51,143,207,0,,628,
642,61,"B2,3,6,7,11,16,19,22,25,31,38,55,144(AMHR_fr_onset)",AMHR_fr_onset,659.762,329882,2,0,1,2,3,6,7,11,16,19,22,25,31,38,55,144,209,0,,634,
648,71,"B2,3,5,7,11,15,19,21,25,29,37,53,143(AMLP_fr_onset)",AMLP_fr_onset,665.65,332826,2,0,1,2,3,5,7,11,15,19,21,25,29,37,53,143,211,0,,640,
654,121,"B2,4,6,8,12,16,20,24,28,32,40,52,143(SFLR_fr_onset)",SFLR_fr_onset,671.802,335902,2,0,1,2,4,6,8,12,16,20,24,28,32,40,52,143,213,0,,646,
661,141,"B2,4,6,7,12,16,19,24,27,31,40,51,144(SMHR_fr_onset)",SMHR_fr_onset,677.242,338622,2,0,1,2,4,6,7,12,16,19,24,27,31,40,51,144,215,0,,652,
667,141,"B2,4,6,7,12,16,19,24,27,31,40,51,144(SMHR_fr_onset)",SMHR_fr_onset,684.092,342047,2,0,1,2,4,6,7,12,16,19,24,27,31,40,51,144,217,0,,658,
674,141,"B2,4,6,7,12,16,19,24,27,31,40,51,144(SMHR_fr_onset)",SMHR_fr_onset,689.192,344597,2,0,1,2,4,6,7,12,16,19,24,27,31,40,51,144,219,0,,664,
680,21,"B2,3,6,8,11,16,20,22,26,32,38,56,144(AFHR_fr_onset)",AFHR_fr_onset,695.796,347899,2,0,1,2,3,6,8,11,16,20,22,26,32,38,56,144,221,0,,670,
686,111,"B2,4,5,8,12,15,20,23,28,30,39,50,143(SFLP_fr_onset)",SFLP_fr_onset,701.282,350642,2,0,1,2,4,5,8,12,15,20,23,28,30,39,50,143,223,0,,676,
692,111,"B2,4,5,8,12,15,20,23,28,30,39,50,143(SFLP_fr_onset)",SFLP_fr_onset,708.156,354079,2,0,1,2,4,5,8,12,15,20,23,28,30,39,50,143,225,0,,682,
698,91,"B2,4,5,8,12,15,20,23,28,30,39,50,144(SFHP_fr_onset)",SFHP_fr_onset,713.536,356769,2,0,1,2,4,5,8,12,15,20,23,28,30,39,50,144,227,0,,688,
704,71,"B2,3,5,7,11,15,19,21,25,29,37,53,143(AMLP_fr_onset)",AMLP_fr_onset,719.37,359686,2,0,1,2,3,5,7,11,15,19,21,25,29,37,53,143,229,0,,694,
710,61,"B2,3,6,7,11,16,19,22,25,31,38,55,144(AMHR_fr_onset)",AMHR_fr_onset,726.43,363216,2,0,1,2,3,6,7,11,16,19,22,25,31,38,55,144,231,0,,700,
716,71,"B2,3,5,7,11,15,19,21,25,29,37,53,143(AMLP_fr_onset)",AMLP_fr_onset,732.536,366269,2,0,1,2,3,5,7,11,15,19,21,25,29,37,53,143,233,0,,706,
722,151,"B2,4,5,7,12,15,19,23,27,29,39,49,143(SMLP_fr_onset)",SMLP_fr_onset,738.994,369498,2,0,1,2,4,5,7,12,15,19,23,27,29,39,49,143,235,0,,712,
728,41,"B2,3,6,8,11,16,20,22,26,32,38,56,143(AFLR_fr_onset)",AFLR_fr_onset,745.346,372674,2,1,1,2,3,6,8,11,16,20,22,26,32,38,56,143,237,0,,718,
734,51,"B2,3,5,7,11,15,19,21,25,29,37,53,144(AMHP_fr_onset)",AMHP_fr_onset,751.258,375630,2,0,1,2,3,5,7,11,15,19,21,25,29,37,53,144,239,0,,724,
740,81,"B2,3,6,7,11,16,19,22,25,31,38,55,143(AMLR_fr_onset)",AMLR_fr_onset,757.6,378801,2,0,1,2,3,6,7,11,16,19,22,25,31,38,55,143,241,0,,730,
746,161,"B2,4,6,7,12,16,19,24,27,31,40,51,143(SMLR_fr_onset)",SMLR_fr_onset,762.956,381479,2,0,1,2,4,6,7,12,16,19,24,27,31,40,51,143,243,0,,736,
752,131,"B2,4,5,7,12,15,19,23,27,29,39,49,144(SMHP_fr_onset)",SMHP_fr_onset,769.742,384872,2,0,1,2,4,5,7,12,15,19,23,27,29,39,49,144,245,0,,742,
758,61,"B2,3,6,7,11,16,19,22,25,31,38,55,144(AMHR_fr_onset)",AMHR_fr_onset,776.602,388302,2,1,1,2,3,6,7,11,16,19,22,25,31,38,55,144,247,0,,748,
764,31,"B2,3,5,8,11,15,20,21,26,30,37,54,143(AFLP_fr_onset)",AFLP_fr_onset,782.02,391011,2,0,1,2,3,5,8,11,15,20,21,26,30,37,54,143,249,0,,754,
770,81,"B2,3,6,7,11,16,19,22,25,31,38,55,143(AMLR_fr_onset)",AMLR_fr_onset,789.5,394751,2,0,1,2,3,6,7,11,16,19,22,25,31,38,55,143,251,0,,760,
776,141,"B2,4,6,7,12,16,19,24,27,31,40,51,144(SMHR_fr_onset)",SMHR_fr_onset,795.438,397720,2,0,1,2,4,6,7,12,16,19,24,27,31,40,51,144,253,0,,766,
782,151,"B2,4,5,7,12,15,19,23,27,29,39,49,143(SMLP_fr_onset)",SMLP_fr_onset,801.88,400941,2,0,1,2,4,5,7,12,15,19,23,27,29,39,49,143,255,0,,772,
788,161,"B2,4,6,7,12,16,19,24,27,31,40,51,143(SMLR_fr_onset)",SMLR_fr_onset,808.412,404207,2,0,1,2,4,6,7,12,16,19,24,27,31,40,51,143,257,0,,778,
794,101,"B2,4,6,8,12,16,20,24,28,32,40,52,144(SFHR_fr_onset)",SFHR_fr_onset,814.694,407348,2,0,1,2,4,6,8,12,16,20,24,28,32,40,52,144,259,0,,784,
800,121,"B2,4,6,8,12,16,20,24,28,32,40,52,143(SFLR_fr_onset)",SFLR_fr_onset,821.508,410755,2,0,1,2,4,6,8,12,16,20,24,28,32,40,52,143,261,0,,790,
806,71,"B2,3,5,7,11,15,19,21,25,29,37,53,143(AMLP_fr_onset)",AMLP_fr_onset,828.472,414237,2,0,1,2,3,5,7,11,15,19,21,25,29,37,53,143,263,0,,796,
812,21,"B2,3,6,8,11,16,20,22,26,32,38,56,144(AFHR_fr_onset)",AFHR_fr_onset,835.06,417531,2,0,1,2,3,6,8,11,16,20,22,26,32,38,56,144,265,0,,802,
819,102,"B1,4,6,8,10,14,18,24,28,32,36,44,144(SFHR_co_onset)",SFHR_co_onset,841.186,420594,2,0,1,1,4,6,8,10,14,18,24,28,32,36,44,144,267,0,,824,
825,52,"B1,3,5,7,9,13,17,21,25,29,33,45,144(AMHP_co_onset)",AMHP_co_onset,844.454,422228,2,0,1,1,3,5,7,9,13,17,21,25,29,33,45,144,269,0,,830,
831,162,"B1,4,6,7,10,14,17,24,27,31,36,43,143(SMLR_co_onset)",SMLR_co_onset,851.346,425674,2,0,1,1,4,6,7,10,14,17,24,27,31,36,43,143,271,0,,836,
837,162,"B1,4,6,7,10,14,17,24,27,31,36,43,143(SMLR_co_onset)",SMLR_co_onset,858.222,429112,2,0,1,1,4,6,7,10,14,17,24,27,31,36,43,143,273,0,,842,
843,132,"B1,4,5,7,10,13,17,23,27,29,35,41,144(SMHP_co_onset)",SMHP_co_onset,864.542,432272,2,0,1,1,4,5,7,10,13,17,23,27,29,35,41,144,275,0,,848,
850,102,"B1,4,6,8,10,14,18,24,28,32,36,44,144(SFHR_co_onset)",SFHR_co_onset,872.41,436206,2,0,1,1,4,6,8,10,14,18,24,28,32,36,44,144,277,0,,860,
856,72,"B1,3,5,7,9,13,17,21,25,29,33,45,143(AMLP_co_onset)",AMLP_co_onset,876.46,438231,2,0,1,1,3,5,7,9,13,17,21,25,29,33,45,143,279,0,,866,
862,12,"B1,3,5,8,9,13,18,21,26,30,33,46,144(AFHP_co_onset)",AFHP_co_onset,880.486,440244,2,1,1,1,3,5,8,9,13,18,21,26,30,33,46,144,281,0,,872,
868,72,"B1,3,5,7,9,13,17,21,25,29,33,45,143(AMLP_co_onset)",AMLP_co_onset,884.424,442213,2,1,1,1,3,5,7,9,13,17,21,25,29,33,45,143,283,0,,878,
874,22,"B1,3,6,8,9,14,18,22,26,32,34,48,144(AFHR_co_onset)",AFHR_co_onset,887.902,443952,2,0,1,1,3,6,8,9,14,18,22,26,32,34,48,144,285,0,,884,
880,102,"B1,4,6,8,10,14,18,24,28,32,36,44,144(SFHR_co_onset)",SFHR_co_onset,894.596,447299,2,0,1,1,4,6,8,10,14,18,24,28,32,36,44,144,287,0,,890,
886,152,"B1,4,5,7,10,13,17,23,27,29,35,41,143(SMLP_co_onset)",SMLP_co_onset,902.616,451309,2,0,1,1,4,5,7,10,13,17,23,27,29,35,41,143,289,0,,896,
892,22,"B1,3,6,8,9,14,18,22,26,32,34,48,144(AFHR_co_onset)",AFHR_co_onset,908.226,454114,2,0,1,1,3,6,8,9,14,18,22,26,32,34,48,144,291,0,,902,
898,162,"B1,4,6,7,10,14,17,24,27,31,36,43,143(SMLR_co_onset)",SMLR_co_onset,912.356,456179,2,0,1,1,4,6,7,10,14,17,24,27,31,36,43,143,293,0,,914,
904,162,"B1,4,6,7,10,14,17,24,27,31,36,43,143(SMLR_co_onset)",SMLR_co_onset,917.968,458985,2,0,1,1,4,6,7,10,14,17,24,27,31,36,43,143,295,0,,920,
910,162,"B1,4,6,7,10,14,17,24,27,31,36,43,143(SMLR_co_onset)",SMLR_co_onset,924.216,462109,2,0,1,1,4,6,7,10,14,17,24,27,31,36,43,143,297,0,,926,
916,12,"B1,3,5,8,9,13,18,21,26,30,33,46,144(AFHP_co_onset)",AFHP_co_onset,930.456,465229,2,0,1,1,3,5,8,9,13,18,21,26,30,33,46,144,299,0,,932,
922,62,"B1,3,6,7,9,14,17,22,25,31,34,47,144(AMHR_co_onset)",AMHR_co_onset,936.574,468288,2,0,1,1,3,6,7,9,14,17,22,25,31,34,47,144,301,0,,938,
928,122,"B1,4,6,8,10,14,18,24,28,32,36,44,143(SFLR_co_onset)",SFLR_co_onset,942.614,471308,2,0,1,1,4,6,8,10,14,18,24,28,32,36,44,143,303,0,,944,
934,72,"B1,3,5,7,9,13,17,21,25,29,33,45,143(AMLP_co_onset)",AMLP_co_onset,948.282,474142,2,0,1,1,3,5,7,9,13,17,21,25,29,33,45,143,305,0,,950,
940,12,"B1,3,5,8,9,13,18,21,26,30,33,46,144(AFHP_co_onset)",AFHP_co_onset,954.75,477376,2,0,1,1,3,5,8,9,13,18,21,26,30,33,46,144,307,0,,956,
946,82,"B1,3,6,7,9,14,17,22,25,31,34,47,143(AMLR_co_onset)",AMLR_co_onset,960.156,480079,2,0,1,1,3,6,7,9,14,17,22,25,31,34,47,143,309,0,,962,
952,122,"B1,4,6,8,10,14,18,24,28,32,36,44,143(SFLR_co_onset)",SFLR_co_onset,966.23,483116,2,0,1,1,4,6,8,10,14,18,24,28,32,36,44,143,311,0,,968,
959,52,"B1,3,5,7,9,13,17,21,25,29,33,45,144(AMHP_co_onset)",AMHP_co_onset,972.492,486247,2,0,1,1,3,5,7,9,13,17,21,25,29,33,45,144,313,0,,980,
965,92,"B1,4,5,8,10,13,18,23,28,30,35,42,144(SFHP_co_onset)",SFHP_co_onset,979.196,489599,2,0,1,1,4,5,8,10,13,18,23,28,30,35,42,144,315,0,,986,
972,122,"B1,4,6,8,10,14,18,24,28,32,36,44,143(SFLR_co_onset)",SFLR_co_onset,983.928,491965,2,0,1,1,4,6,8,10,14,18,24,28,32,36,44,143,317,0,,992,
978,142,"B1,4,6,7,10,14,17,24,27,31,36,43,144(SMHR_co_onset)",SMHR_co_onset,990.034,495018,2,0,1,1,4,6,7,10,14,17,24,27,31,36,43,144,319,0,,998,
984,112,"B1,4,5,8,10,13,18,23,28,30,35,42,143(SFLP_co_onset)",SFLP_co_onset,993.754,496878,2,0,1,1,4,5,8,10,13,18,23,28,30,35,42,143,321,0,,1004,
990,22,"B1,3,6,8,9,14,18,22,26,32,34,48,144(AFHR_co_onset)",AFHR_co_onset,1000.024,500013,2,0,1,1,3,6,8,9,14,18,22,26,32,34,48,144,323,0,,1010,
997,82,"B1,3,6,7,9,14,17,22,25,31,34,47,143(AMLR_co_onset)",AMLR_co_onset,1005.496,502749,2,0,1,1,3,6,7,9,14,17,22,25,31,34,47,143,325,0,,1016,
1003,132,"B1,4,5,7,10,13,17,23,27,29,35,41,144(SMHP_co_onset)",SMHP_co_onset,1011.326,505664,2,0,1,1,4,5,7,10,13,17,23,27,29,35,41,144,327,0,,1022,
1010,42,"B1,3,6,8,9,14,18,22,26,32,34,48,143(AFLR_co_onset)",AFLR_co_onset,1017.974,508988,2,0,1,1,3,6,8,9,14,18,22,26,32,34,48,143,329,0,,1028,
1016,62,"B1,3,6,7,9,14,17,22,25,31,34,47,144(AMHR_co_onset)",AMHR_co_onset,1024.81,512406,2,0,1,1,3,6,7,9,14,17,22,25,31,34,47,144,331,0,,1034,
1022,162,"B1,4,6,7,10,14,17,24,27,31,36,43,143(SMLR_co_onset)",SMLR_co_onset,1031.294,515648,2,0,1,1,4,6,7,10,14,17,24,27,31,36,43,143,333,0,,1040,
1028,132,"B1,4,5,7,10,13,17,23,27,29,35,41,144(SMHP_co_onset)",SMHP_co_onset,1037.518,518760,2,0,1,1,4,5,7,10,13,17,23,27,29,35,41,144,335,0,,1046,
1034,162,"B1,4,6,7,10,14,17,24,27,31,36,43,143(SMLR_co_onset)",SMLR_co_onset,1044.276,522139,2,0,1,1,4,6,7,10,14,17,24,27,31,36,43,143,337,0,,1052,
1040,72,"B1,3,5,7,9,13,17,21,25,29,33,45,143(AMLP_co_onset)",AMLP_co_onset,1050.04,525021,2,0,1,1,3,5,7,9,13,17,21,25,29,33,45,143,339,0,,1058,
1046,112,"B1,4,5,8,10,13,18,23,28,30,35,42,143(SFLP_co_onset)",SFLP_co_onset,1056.192,528097,2,1,1,1,4,5,8,10,13,18,23,28,30,35,42,143,341,0,,1064,
1052,112,"B1,4,5,8,10,13,18,23,28,30,35,42,143(SFLP_co_onset)",SFLP_co_onset,1062.484,531243,2,0,1,1,4,5,8,10,13,18,23,28,30,35,42,143,343,0,,1070,
1058,82,"B1,3,6,7,9,14,17,22,25,31,34,47,143(AMLR_co_onset)",AMLR_co_onset,1068.876,534439,2,0,1,1,3,6,7,9,14,17,22,25,31,34,47,143,345,0,,1076,
1064,12,"B1,3,5,8,9,13,18,21,26,30,33,46,144(AFHP_co_onset)",AFHP_co_onset,1075.654,537828,2,0,1,1,3,5,8,9,13,18,21,26,30,33,46,144,347,0,,1082,
1070,82,"B1,3,6,7,9,14,17,22,25,31,34,47,143(AMLR_co_onset)",AMLR_co_onset,1081.962,540982,2,0,1,1,3,6,7,9,14,17,22,25,31,34,47,143,349,0,,1088,
1079,142,"B1,4,6,7,10,14,17,24,27,31,36,43,144(SMHR_co_onset)",SMHR_co_onset,1093.982,546992,2,0,1,1,4,6,7,10,14,17,24,27,31,36,43,144,351,0,,1100,
1085,122,"B1,4,6,8,10,14,18,24,28,32,36,44,143(SFLR_co_onset)",SFLR_co_onset,1097.48,548741,2,0,1,1,4,6,8,10,14,18,24,28,32,36,44,143,353,0,,1106,
1091,52,"B1,3,5,7,9,13,17,21,25,29,33,45,144(AMHP_co_onset)",AMHP_co_onset,1101.492,550747,2,0,1,1,3,5,7,9,13,17,21,25,29,33,45,144,355,0,,1112,
1097,152,"B1,4,5,7,10,13,17,23,27,29,35,41,143(SMLP_co_onset)",SMLP_co_onset,1108.886,554444,2,0,1,1,4,5,7,10,13,17,23,27,29,35,41,143,357,0,,1118,
1103,82,"B1,3,6,7,9,14,17,22,25,31,34,47,143(AMLR_co_onset)",AMLR_co_onset,1115.624,557813,2,0,1,1,3,6,7,9,14,17,22,25,31,34,47,143,359,0,,1124,
1109,82,"B1,3,6,7,9,14,17,22,25,31,34,47,143(AMLR_co_onset)",AMLR_co_onset,1122.228,561115,2,0,1,1,3,6,7,9,14,17,22,25,31,34,47,143,361,0,,1130,
1115,142,"B1,4,6,7,10,14,17,24,27,31,36,43,144(SMHR_co_onset)",SMHR_co_onset,1128.292,564147,2,0,1,1,4,6,7,10,14,17,24,27,31,36,43,144,363,0,,1136,
1119,32,"B1,3,5,8,9,13,18,21,26,30,33,46,143(AFLP_co_onset)",AFLP_co_onset,1131.352,565677,2,0,1,1,3,5,8,9,13,18,21,26,30,33,46,143,364,0,,1142,
1125,132,"B1,4,5,7,10,13,17,23,27,29,35,41,144(SMHP_co_onset)",SMHP_co_onset,1135.436,567719,2,0,1,1,4,5,7,10,13,17,23,27,29,35,41,144,366,0,,1148,
1131,92,"B1,4,5,8,10,13,18,23,28,30,35,42,144(SFHP_co_onset)",SFHP_co_onset,1142.108,571055,2,0,1,1,4,5,8,10,13,18,23,28,30,35,42,144,368,0,,1154,
1137,72,"B1,3,5,7,9,13,17,21,25,29,33,45,143(AMLP_co_onset)",AMLP_co_onset,1144.686,572344,2,0,1,1,3,5,7,9,13,17,21,25,29,33,45,143,370,0,,1160,
1143,32,"B1,3,5,8,9,13,18,21,26,30,33,46,143(AFLP_co_onset)",AFLP_co_onset,1149.154,574578,2,0,1,1,3,5,8,9,13,18,21,26,30,33,46,143,372,0,,1166,
1154,52,"B1,3,5,7,9,13,17,21,25,29,33,45,144(AMHP_co_onset)",AMHP_co_onset,1160.364,580183,2,0,1,1,3,5,7,9,13,17,21,25,29,33,45,144,375,0,,1178,
1157,92,"B1,4,5,8,10,13,18,23,28,30,35,42,144(SFHP_co_onset)",SFHP_co_onset,1162.932,581467,2,0,1,1,4,5,8,10,13,18,23,28,30,35,42,144,376,0,,1184,
1162,92,"B1,4,5,8,10,13,18,23,28,30,35,42,144(SFHP_co_onset)",SFHP_co_onset,1166.762,583382,2,0,1,1,4,5,8,10,13,18,23,28,30,35,42,144,378,0,,1190,
1168,82,"B1,3,6,7,9,14,17,22,25,31,34,47,143(AMLR_co_onset)",AMLR_co_onset,1173.262,586632,2,0,1,1,3,6,7,9,14,17,22,25,31,34,47,143,380,0,,1196,
1174,32,"B1,3,5,8,9,13,18,21,26,30,33,46,143(AFLP_co_onset)",AFLP_co_onset,1179.748,589875,2,0,1,1,3,5,8,9,13,18,21,26,30,33,46,143,382,0,,1202,
1180,92,"B1,4,5,8,10,13,18,23,28,30,35,42,144(SFHP_co_onset)",SFHP_co_onset,1183.654,591828,2,0,1,1,4,5,8,10,13,18,23,28,30,35,42,144,384,0,,1208,
1187,12,"B1,3,5,8,9,13,18,21,26,30,33,46,144(AFHP_co_onset)",AFHP_co_onset,1188.886,594444,2,0,1,1,3,5,8,9,13,18,21,26,30,33,46,144,386,0,,1214,
1193,42,"B1,3,6,8,9,14,18,22,26,32,34,48,143(AFLR_co_onset)",AFLR_co_onset,1193.766,596884,2,0,1,1,3,6,8,9,14,18,22,26,32,34,48,143,388,0,,1220,
1199,122,"B1,4,6,8,10,14,18,24,28,32,36,44,143(SFLR_co_onset)",SFLR_co_onset,1200.42,600211,2,1,1,1,4,6,8,10,14,18,24,28,32,36,44,143,390,0,,1226,
1206,132,"B1,4,5,7,10,13,17,23,27,29,35,41,144(SMHP_co_onset)",SMHP_co_onset,1205.614,602808,2,0,1,1,4,5,7,10,13,17,23,27,29,35,41,144,392,0,,1232,
1212,152,"B1,4,5,7,10,13,17,23,27,29,35,41,143(SMLP_co_onset)",SMLP_co_onset,1212.874,606438,2,0,1,1,4,5,7,10,13,17,23,27,29,35,41,143,394,0,,1238,
1218,132,"B1,4,5,7,10,13,17,23,27,29,35,41,144(SMHP_co_onset)",SMHP_co_onset,1218.902,609452,2,0,1,1,4,5,7,10,13,17,23,27,29,35,41,144,396,0,,1244,
1224,82,"B1,3,6,7,9,14,17,22,25,31,34,47,143(AMLR_co_onset)",AMLR_co_onset,1224.706,612354,2,0,1,1,3,6,7,9,14,17,22,25,31,34,47,143,398,0,,1250,
1230,112,"B1,4,5,8,10,13,18,23,28,30,35,42,143(SFLP_co_onset)",SFLP_co_onset,1231.008,615505,2,0,1,1,4,5,8,10,13,18,23,28,30,35,42,143,400,0,,1256,
1236,82,"B1,3,6,7,9,14,17,22,25,31,34,47,143(AMLR_co_onset)",AMLR_co_onset,1236.512,618257,2,0,1,1,3,6,7,9,14,17,22,25,31,34,47,143,402,0,,1262,
1242,62,"B1,3,6,7,9,14,17,22,25,31,34,47,144(AMHR_co_onset)",AMHR_co_onset,1242.35,621176,2,0,1,1,3,6,7,9,14,17,22,25,31,34,47,144,404,0,,1268,
1248,142,"B1,4,6,7,10,14,17,24,27,31,36,43,144(SMHR_co_onset)",SMHR_co_onset,1248.394,624198,2,0,1,1,4,6,7,10,14,17,24,27,31,36,43,144,406,0,,1274,
1254,152,"B1,4,5,7,10,13,17,23,27,29,35,41,143(SMLP_co_onset)",SMLP_co_onset,1254.872,627437,2,0,1,1,4,5,7,10,13,17,23,27,29,35,41,143,408,0,,1280,
1260,62,"B1,3,6,7,9,14,17,22,25,31,34,47,144(AMHR_co_onset)",AMHR_co_onset,1261.724,630863,2,0,1,1,3,6,7,9,14,17,22,25,31,34,47,144,410,0,,1286,
1266,32,"B1,3,5,8,9,13,18,21,26,30,33,46,143(AFLP_co_onset)",AFLP_co_onset,1268.418,634210,2,0,1,1,3,5,8,9,13,18,21,26,30,33,46,143,412,0,,1292,
1272,62,"B1,3,6,7,9,14,17,22,25,31,34,47,144(AMHR_co_onset)",AMHR_co_onset,1275.742,637872,2,0,1,1,3,6,7,9,14,17,22,25,31,34,47,144,414,0,,1298,
1278,92,"B1,4,5,8,10,13,18,23,28,30,35,42,144(SFHP_co_onset)",SFHP_co_onset,1281.85,640926,2,0,1,1,4,5,8,10,13,18,23,28,30,35,42,144,416,0,,1304,
1284,42,"B1,3,6,8,9,14,18,22,26,32,34,48,143(AFLR_co_onset)",AFLR_co_onset,1287.554,643778,2,0,1,1,3,6,8,9,14,18,22,26,32,34,48,143,418,0,,1310,
1290,62,"B1,3,6,7,9,14,17,22,25,31,34,47,144(AMHR_co_onset)",AMHR_co_onset,1293.42,646711,2,0,1,1,3,6,7,9,14,17,22,25,31,34,47,144,420,0,,1316,
1297,32,"B1,3,5,8,9,13,18,21,26,30,33,46,143(AFLP_co_onset)",AFLP_co_onset,1298.572,649287,2,0,1,1,3,5,8,9,13,18,21,26,30,33,46,143,422,0,,1322,
1303,12,"B1,3,5,8,9,13,18,21,26,30,33,46,144(AFHP_co_onset)",AFHP_co_onset,1302.18,651091,2,1,1,1,3,5,8,9,13,18,21,26,30,33,46,144,424,0,,1328,
1309,132,"B1,4,5,7,10,13,17,23,27,29,35,41,144(SMHP_co_onset)",SMHP_co_onset,1309.26,654631,2,0,1,1,4,5,7,10,13,17,23,27,29,35,41,144,426,0,,1334,
1315,52,"B1,3,5,7,9,13,17,21,25,29,33,45,144(AMHP_co_onset)",AMHP_co_onset,1316.532,658267,2,0,1,1,3,5,7,9,13,17,21,25,29,33,45,144,428,0,,1340,
1321,42,"B1,3,6,8,9,14,18,22,26,32,34,48,143(AFLR_co_onset)",AFLR_co_onset,1322.83,661416,2,0,1,1,3,6,8,9,14,18,22,26,32,34,48,143,430,0,,1346,
1327,22,"B1,3,6,8,9,14,18,22,26,32,34,48,144(AFHR_co_onset)",AFHR_co_onset,1329.36,664681,2,1,1,1,3,6,8,9,14,18,22,26,32,34,48,144,432,0,,1352,
1333,72,"B1,3,5,7,9,13,17,21,25,29,33,45,143(AMLP_co_onset)",AMLP_co_onset,1332.706,666354,2,0,1,1,3,5,7,9,13,17,21,25,29,33,45,143,434,0,,1358,
1339,102,"B1,4,6,8,10,14,18,24,28,32,36,44,144(SFHR_co_onset)",SFHR_co_onset,1339.364,669683,2,0,1,1,4,6,8,10,14,18,24,28,32,36,44,144,436,0,,1364,
1345,112,"B1,4,5,8,10,13,18,23,28,30,35,42,143(SFLP_co_onset)",SFLP_co_onset,1345.576,672789,2,0,1,1,4,5,8,10,13,18,23,28,30,35,42,143,438,0,,1370,
1351,92,"B1,4,5,8,10,13,18,23,28,30,35,42,144(SFHP_co_onset)",SFHP_co_onset,1351.872,675937,2,0,1,1,4,5,8,10,13,18,23,28,30,35,42,144,440,0,,1376,
1357,22,"B1,3,6,8,9,14,18,22,26,32,34,48,144(AFHR_co_onset)",AFHR_co_onset,1355.558,677780,2,0,1,1,3,6,8,9,14,18,22,26,32,34,48,144,442,0,,1382,
1363,52,"B1,3,5,7,9,13,17,21,25,29,33,45,144(AMHP_co_onset)",AMHP_co_onset,1357.972,678987,2,0,1,1,3,5,7,9,13,17,21,25,29,33,45,144,444,0,,1388,
1369,102,"B1,4,6,8,10,14,18,24,28,32,36,44,144(SFHR_co_onset)",SFHR_co_onset,1365.058,682530,2,0,1,1,4,6,8,10,14,18,24,28,32,36,44,144,446,0,,1394,
1375,162,"B1,4,6,7,10,14,17,24,27,31,36,43,143(SMLR_co_onset)",SMLR_co_onset,1368.52,684261,2,0,1,1,4,6,7,10,14,17,24,27,31,36,43,143,448,0,,1400,
1381,152,"B1,4,5,7,10,13,17,23,27,29,35,41,143(SMLP_co_onset)",SMLP_co_onset,1375.638,687820,2,0,1,1,4,5,7,10,13,17,23,27,29,35,41,143,450,0,,1406,
1387,142,"B1,4,6,7,10,14,17,24,27,31,36,43,144(SMHR_co_onset)",SMHR_co_onset,1380.52,690261,2,0,1,1,4,6,7,10,14,17,24,27,31,36,43,144,452,0,,1412,
1393,22,"B1,3,6,8,9,14,18,22,26,32,34,48,144(AFHR_co_onset)",AFHR_co_onset,1387.472,693737,2,1,1,1,3,6,8,9,14,18,22,26,32,34,48,144,454,0,,1418,
1399,162,"B1,4,6,7,10,14,17,24,27,31,36,43,143(SMLR_co_onset)",SMLR_co_onset,1393.294,696648,2,0,1,1,4,6,7,10,14,17,24,27,31,36,43,143,456,0,,1424,
1405,152,"B1,4,5,7,10,13,17,23,27,29,35,41,143(SMLP_co_onset)",SMLP_co_onset,1400.198,700100,2,0,1,1,4,5,7,10,13,17,23,27,29,35,41,143,458,0,,1430,
1412,52,"B1,3,5,7,9,13,17,21,25,29,33,45,144(AMHP_co_onset)",AMHP_co_onset,1407.642,703822,2,0,1,1,3,5,7,9,13,17,21,25,29,33,45,144,460,0,,1436,
1418,102,"B1,4,6,8,10,14,18,24,28,32,36,44,144(SFHR_co_onset)",SFHR_co_onset,1411.718,705860,2,1,1,1,4,6,8,10,14,18,24,28,32,36,44,144,462,0,,1442,
1424,42,"B1,3,6,8,9,14,18,22,26,32,34,48,143(AFLR_co_onset)",AFLR_co_onset,1416.064,708033,2,0,1,1,3,6,8,9,14,18,22,26,32,34,48,143,464,0,,1448,
1430,152,"B1,4,5,7,10,13,17,23,27,29,35,41,143(SMLP_co_onset)",SMLP_co_onset,1423.202,711602,2,0,1,1,4,5,7,10,13,17,23,27,29,35,41,143,466,0,,1454,
1436,32,"B1,3,5,8,9,13,18,21,26,30,33,46,143(AFLP_co_onset)",AFLP_co_onset,1429.174,714588,2,0,1,1,3,5,8,9,13,18,21,26,30,33,46,143,468,0,,1460,
1442,142,"B1,4,6,7,10,14,17,24,27,31,36,43,144(SMHR_co_onset)",SMHR_co_onset,1435.754,717878,2,0,1,1,4,6,7,10,14,17,24,27,31,36,43,144,470,0,,1466,
1448,52,"B1,3,5,7,9,13,17,21,25,29,33,45,144(AMHP_co_onset)",AMHP_co_onset,1443.114,721558,2,0,1,1,3,5,7,9,13,17,21,25,29,33,45,144,472,0,,1472,
1454,112,"B1,4,5,8,10,13,18,23,28,30,35,42,143(SFLP_co_onset)",SFLP_co_onset,1450.502,725252,2,0,1,1,4,5,8,10,13,18,23,28,30,35,42,143,474,0,,1478,
1460,102,"B1,4,6,8,10,14,18,24,28,32,36,44,144(SFHR_co_onset)",SFHR_co_onset,1456.62,728311,2,0,1,1,4,6,8,10,14,18,24,28,32,36,44,144,476,0,,1484,
1466,42,"B1,3,6,8,9,14,18,22,26,32,34,48,143(AFLR_co_onset)",AFLR_co_onset,1462.882,731442,2,0,1,1,3,6,8,9,14,18,22,26,32,34,48,143,478,0,,1490,
1472,32,"B1,3,5,8,9,13,18,21,26,30,33,46,143(AFLP_co_onset)",AFLP_co_onset,1468.746,734374,2,0,1,1,3,5,8,9,13,18,21,26,30,33,46,143,480,0,,1496,
1478,122,"B1,4,6,8,10,14,18,24,28,32,36,44,143(SFLR_co_onset)",SFLR_co_onset,1475.148,737575,2,0,1,1,4,6,8,10,14,18,24,28,32,36,44,143,482,0,,1502,
1484,72,"B1,3,5,7,9,13,17,21,25,29,33,45,143(AMLP_co_onset)",AMLP_co_onset,1482.686,741344,2,0,1,1,3,5,7,9,13,17,21,25,29,33,45,143,484,0,,1508,
1490,92,"B1,4,5,8,10,13,18,23,28,30,35,42,144(SFHP_co_onset)",SFHP_co_onset,1489,744501,2,0,1,1,4,5,8,10,13,18,23,28,30,35,42,144,486,0,,1514,
1496,142,"B1,4,6,7,10,14,17,24,27,31,36,43,144(SMHR_co_onset)",SMHR_co_onset,1495.384,747693,2,0,1,1,4,6,7,10,14,17,24,27,31,36,43,144,488,0,,1520,
1502,72,"B1,3,5,7,9,13,17,21,25,29,33,45,143(AMLP_co_onset)",AMLP_co_onset,1502.56,751281,2,0,1,1,3,5,7,9,13,17,21,25,29,33,45,143,490,0,,1526,
1508,42,"B1,3,6,8,9,14,18,22,26,32,34,48,143(AFLR_co_onset)",AFLR_co_onset,1508.872,754437,2,0,1,1,3,6,8,9,14,18,22,26,32,34,48,143,492,0,,1532,
1514,142,"B1,4,6,7,10,14,17,24,27,31,36,43,144(SMHR_co_onset)",SMHR_co_onset,1515.37,757686,2,0,1,1,4,6,7,10,14,17,24,27,31,36,43,144,494,0,,1538,
1520,112,"B1,4,5,8,10,13,18,23,28,30,35,42,143(SFLP_co_onset)",SFLP_co_onset,1521.794,760898,2,0,1,1,4,5,8,10,13,18,23,28,30,35,42,143,496,0,,1544,
1526,22,"B1,3,6,8,9,14,18,22,26,32,34,48,144(AFHR_co_onset)",AFHR_co_onset,1527.93,763966,2,1,1,1,3,6,8,9,14,18,22,26,32,34,48,144,498,0,,1550,
1532,42,"B1,3,6,8,9,14,18,22,26,32,34,48,143(AFLR_co_onset)",AFLR_co_onset,1534.75,767376,2,0,1,1,3,6,8,9,14,18,22,26,32,34,48,143,500,0,,1556,
1538,62,"B1,3,6,7,9,14,17,22,25,31,34,47,144(AMHR_co_onset)",AMHR_co_onset,1540.806,770404,2,0,1,1,3,6,7,9,14,17,22,25,31,34,47,144,502,0,,1562,
1545,32,"B1,3,5,8,9,13,18,21,26,30,33,46,143(AFLP_co_onset)",AFLP_co_onset,1545.984,772993,2,0,1,1,3,5,8,9,13,18,21,26,30,33,46,143,504,0,,1568,
1551,122,"B1,4,6,8,10,14,18,24,28,32,36,44,143(SFLR_co_onset)",SFLR_co_onset,1552.306,776154,2,0,1,1,4,6,8,10,14,18,24,28,32,36,44,143,506,0,,1574,
1557,12,"B1,3,5,8,9,13,18,21,26,30,33,46,144(AFHP_co_onset)",AFHP_co_onset,1558.874,779438,2,0,1,1,3,5,8,9,13,18,21,26,30,33,46,144,508,0,,1580,
1563,12,"B1,3,5,8,9,13,18,21,26,30,33,46,144(AFHP_co_onset)",AFHP_co_onset,1565.844,782923,2,0,1,1,3,5,8,9,13,18,21,26,30,33,46,144,510,0,,1586,
1569,152,"B1,4,5,7,10,13,17,23,27,29,35,41,143(SMLP_co_onset)",SMLP_co_onset,1571.972,785987,2,0,1,1,4,5,7,10,13,17,23,27,29,35,41,143,512,0,,1592,
1575,112,"B1,4,5,8,10,13,18,23,28,30,35,42,143(SFLP_co_onset)",SFLP_co_onset,1578.858,789430,2,0,1,1,4,5,8,10,13,18,23,28,30,35,42,143,514,0,,1598,
1581,22,"B1,3,6,8,9,14,18,22,26,32,34,48,144(AFHR_co_onset)",AFHR_co_onset,1585.646,792824,2,0,1,1,3,6,8,9,14,18,22,26,32,34,48,144,516,0,,1604,
1587,102,"B1,4,6,8,10,14,18,24,28,32,36,44,144(SFHR_co_onset)",SFHR_co_onset,1592.136,796069,2,1,1,1,4,6,8,10,14,18,24,28,32,36,44,144,518,0,,1610,
1593,142,"B1,4,6,7,10,14,17,24,27,31,36,43,144(SMHR_co_onset)",SMHR_co_onset,1598.962,799482,2,0,1,1,4,6,7,10,14,17,24,27,31,36,43,144,520,0,,1616,
1599,132,"B1,4,5,7,10,13,17,23,27,29,35,41,144(SMHP_co_onset)",SMHP_co_onset,1605.386,802694,2,0,1,1,4,5,7,10,13,17,23,27,29,35,41,144,522,0,,1622,
1605,62,"B1,3,6,7,9,14,17,22,25,31,34,47,144(AMHR_co_onset)",AMHR_co_onset,1612.214,806108,2,0,1,1,3,6,7,9,14,17,22,25,31,34,47,144,524,0,,1628,
1611,152,"B1,4,5,7,10,13,17,23,27,29,35,41,143(SMLP_co_onset)",SMLP_co_onset,1618.312,809157,2,0,1,1,4,5,7,10,13,17,23,27,29,35,41,143,526,0,,1634,
